97,35
0,273
0,270
3,2
3,1
3,3
10,234
10,124
10,278
10,232
10,76
10,146
10,178
10,210
11,4
11,8
11,2
11,3
9,4
9,6
8,17
8,16
8,18
8,2
8,3
85,4
85,3
85,2
85,1
85,0
79,5
79,4
79,3
79,2
79,1
79,0
73,5
73,4
73,3
73,2
73,1
73,0
62,6
62,5
62,4
62,3
62,2
62,1
62,0
48,4
48,3
48,2
48,1
48,0
45,3
45,1
39,5
39,4
39,3
39,2
39,1
32,4
32,3
32,2
32,1
20,3
20,2
20,1
19,3
19,2
19,1
12,3
12,2
12,1
11,27
11,26
11,25
11,24
11,23
11,22
11,21
11,20
11,19
11,18
11,16
11,14
11,13
11,11
11,1
11,9
10,293
10,275
10,269
10,243
10,179
10,165
10,135
10,1
10,81
10,3
10,2
18,1
