12,1
12,3
20,2
20,1
20,3
19,2
19,1
19,3
14,192
17,3
17,2
17,1
16,3
16,2
0,490
16,1
15,3
18,1
15,2
15,1
18,3
14,99
14,193
14,97
14,96
14,88
13,9
0,514
14,77
0,495
14,76
14,108
13,6
13,8
12,2
11,3
11,2
11,1
10,3
10,2
10,1
9,3
9,2
9,1
14,121
14,123
8,3
14,119
8,2
8,1
13,10
14,115
14,126
0,459
14,118
14,112
0,533
14,124
14,109
14,110
14,122
14,82
14,125
3,3
3,2
3,1
0,466
0,563
0,540
0,513
0,567
0,509
2,2
2,1
14,127
2,3
0,504
0,479
0,476
0,429
13,1
13,11
13,3
14,1
14,111
14,3
0,478
0,9
0,0
3846,34
3846,33
3846,32
3846,31
3846,30
3846,29
3846,28
3846,27
3846,26
3846,25
3846,24
3846,23
3846,22
3846,21
3846,20
3846,19
3846,18
3846,17
3846,16
3846,15
3846,14
3846,13
3846,12
